1, 2024-01-01, 15, 50
2, 2024-01-02, 10, 150
3, 2024-01-10, 4, 80
4, 2024-01-03, 200, 200
5, 2024-01-04, 0, 45
6, 2024-01-12, 150, 250
7, 2024-01-01, 90, 100
8, 2024-01-01, 5, 30
9, 2024-01-01, 150, 250
10, 2024-01-01, 4, 50
1, 2024-02-02, 10, 15
2, 2024-02-02, 24, 43
3, 2024-02-02, 30, 66
4, 2024-02-02, 19, 19
3, 2024-02-02, 25, 43
6, 2024-02-02, 27, 28
7, 2024-02-02, 60, 121
8, 2024-02-02, 34, 50
9, 2024-02-02, 167, 170
10, 2024-02-02, 5, 65
1, 2024-03-15, 14, 32
2, 2024-03-16, 69, 120
3, 2024-03-17, 80, 80
4, 2024-03-18, 3, 20
1, 2024-03-15, 0, 40
6, 2024-03-16, 20, 40
1, 2024-03-17, 71, 110
8, 2024-03-18, 20, 80
9, 2024-03-15, 150, 180
10, 2024-03-20, 5, 65